738020
3095
738000
3095
737000
3091
736000
3087
735000
3083
734000
3079
733000
3074
732000
3070
731000
3066
730000
3062
720000
3020
710000
2978
701000
2940
700000
2936
699000
2932
698000
2928
697000
2923
696000
2919
695000
2915
694000
2911
693000
2907
690000
2894
680000
2852
670000
2810
660000
2768
650000
2726
640000
2684
639650
2683
639000
2680
638000
2676
637000
2672
636000
2668
635850
2667
635000
2663
634000
2659
633000
2655
632000
2651
631000
2647
630000
2642
629000
2638
628000
2634
624150
2618
624000
2617
623000
2613
622000
2609
621000
2605
620000
2600
619000
2596
618000
2592
617000
2588
616000
2584
615000
2579
612650
2570
612000
2567
611000
2563
610000
2559
609000
2554
608000
2550
607000
2546
606000
2542
605000
2538
601000
2521
600000
2517
599000
2512
598000
2508
597000
2504
596100
2500
596000
2500
595000
2496
594000
2491
593000
2487
592000
2483
591000
2479
590000
2475
589000
2470
584550
2452
584000
2449
583000
2445
582000
2441
581000
2437
580000
2433
579000
2429
578000
2424
577000
2420
572850
2403
572000
2399
571000
2395
570000
2391
569000
2387
568000
2382
567000
2378
566000
2374
565000
2370
561250
2354
561000
2353
560000
2349
559000
2345
558000
2340
557000
2336
556000
2332
555000
2328
554000
2324
550000
2307
549700
2306
549000
2303
548000
2298
547000
2294
546000
2290
545000
2286
544000
2282
543000
2278
542000
2273
540000
2265
538100
2257
538000
2257
537000
2252
536000
2248
535000
2244
534000
2240
533000
2236
532000
2231
531000
2227
530000
2223
527150
2211
527000
2210
526000
2206
525000
2202
524000
2198
523000
2194
522000
2189
521000
2185
520000
2181
516250
2165
516000
2164
515000
2160
514000
2156
513000
2152
512000
2147
511000
2143
510000
2139
509000
2135
505000
2118
504200
2115
504000
2114
503000
2110
502000
2106
501000
2101
500000
2097
499000
2093
498000
2089
497000
2085
493050
2068
493000
2068
492000
2064
491000
2059
490000
2055
489000
2051
488000
2047
487000
2043
486000
2038
482050
2022
482000
2022
481000
2017
480000
2013
479000
2009
478000
2005
477000
2001
476000
1996
475000
1992
470750
1974
470000
1971
469000
1967
468000
1963
467000
1959
466000
1955
465000
1950
464000
1946
463000
1942
460000
1929
459400
1927
459000
1925
458000
1921
457000
1917
456000
1913
455000
1908
454000
1904
453000
1900
452000
1896
450000
1887
448000
1879
447000
1875
446000
1871
445000
1866
444000
1862
443400
1860
443000
1858
442000
1854
441000
1850
440000
1845
439000
1841
438000
1837
437000
1833
436000
1829
431900
1812
431000
1808
430000
1804
429000
1799
428000
1795
427000
1791
426000
1787
425000
1783
424000
1778
420650
1764
420000
1762
419000
1757
418000
1753
417000
1749
416000
1745
415000
1741
414000
1736
413000
1732
410000
1720
409000
1715
408000
1711
407000
1707
406000
1703
405000
1699
404150
1695
404000
1694
403000
1690
402000
1686
401000
1682
400000
1678
399000
1674
398000
1669
397000
1665
392550
1646
392000
1644
391000
1640
390000
1636
389000
1632
388000
1627
387000
1623
386000
1619
385000
1615
381000
1598
380000
1594
379000
1590
378000
1585
377000
1581
376000
1577
375000
1573
374000
1569
373000
1564
371900
1560
371000
1556
370000
1552
369000
1548
368000
1544
367000
1539
366000
1535
365000
1531
364000
1527
360850
1514
360000
1510
359000
1506
358000
1502
357000
1497
356000
1493
355000
1489
354000
1485
353000
1481
350000
1468
349350
1465
349000
1464
348000
1460
347000
1455
346000
1451
345000
1447
344000
1443
343000
1439
342000
1434
340000
1426
337700
1416
337000
1413
336000
1409
335000
1405
334000
1401
333000
1397
332000
1393
331000
1388
330000
1384
117850
494
117000
491
116000
487
115000
482
114000
478
113000
474
112000
470
111000
466
110000
461
106000
445
105000
440
104000
436
103000
432
102000
428
101000
424
100000
419
99000
415
98000
411
97000
407
96000
403
95000
398
90000
377
80000
336
71000
298
70000
294
69000
289
68000
285
67000
281
66000
277
65000
273
64000
268
63000
264
60000
252
59000
247
58000
243
57000
239
56000
235
55000
231
54000
226
53000
222
52000
218
50000
210
40000
168
30000
126
20000
84
