470750
1974
470000
1971
469000
1967
468000
1963
467000
1959
466000
1955
465000
1950
464000
1946
463000
1942
460000
1929
459400
1927
459000
1925
458000
1921
457000
1917
456000
1913
455000
1908
454000
1904
453000
1900
452000
1896
450000
1887
448000
1879
447000
1875
446000
1871
445000
1866
444000
1862
443400
1860
443000
1858
442000
1854
441000
1850
440000
1845
439000
1841
438000
1837
437000
1833
436000
1829
431900
1812
431000
1808
430000
1804
429000
1799
428000
1795
427000
1791
426000
1787
425000
1783
424000
1778
420650
1764
420000
1762
419000
1757
418000
1753
417000
1749
416000
1745
415000
1741
414000
1736
413000
1732
410000
1720
409000
1715
408000
1711
407000
1707
406000
1703
405000
1699
404150
1695
404000
1694
403000
1690
402000
1686
401000
1682
400000
1678
399000
1674
398000
1669
397000
1665
392550
1646
392000
1644
391000
1640
390000
1636
389000
1632
388000
1627
387000
1623
386000
1619
385000
1615
381000
1598
380000
1594
379000
1590
378000
1585
377000
1581
376000
1577
375000
1573
374000
1569
373000
1564
371900
1560
371000
1556
370000
1552
369000
1548
368000
1544
367000
1539
366000
1535
365000
1531
364000
1527
360850
1514
360000
1510
359000
1506
358000
1502
357000
1497
356000
1493
355000
1489
354000
1485
353000
1481
350000
1468
349350
1465
349000
1464
348000
1460
347000
1455
346000
1451
345000
1447
344000
1443
343000
1439
342000
1434
340000
1426
337700
1416
337000
1413
336000
1409
335000
1405
334000
1401
333000
1397
332000
1393
331000
1388
330000
1384
117850
494
117000
491
116000
487
115000
482
114000
478
113000
474
112000
470
111000
466
110000
461
106000
445
105000
440
104000
436
103000
432
102000
428
101000
424
100000
419
99000
415
98000
411
97000
407
96000
403
95000
398
90000
377
80000
336
71000
298
70000
294
69000
289
68000
285
67000
281
66000
277
65000
273
64000
268
63000
264
60000
252
59000
247
58000
243
57000
239
56000
235
55000
231
54000
226
53000
222
52000
218
50000
210
40000
168
30000
126
20000
84
