738020
3095
738000
3095
737000
3091
736000
3087
735000
3083
734000
3079
733000
3074
732000
3070
731000
3066
730000
3062
720000
3020
710000
2978
701000
2940
700000
2936
699000
2932
698000
2928
697000
2923
696000
2919
695000
2915
694000
2911
693000
2907
690000
2894
680000
2852
670000
2810
660000
2768
650000
2726
640000
2684
639650
2683
639000
2680
638000
2676
637000
2672
636000
2668
635850
2667
635000
2663
634000
2659
633000
2655
632000
2651
631000
2647
630000
2642
629000
2638
628000
2634
624150
2618
624000
2617
623000
2613
622000
2609
621000
2605
620000
2600
619000
2596
618000
2592
617000
2588
616000
2584
615000
2579
612650
2570
612000
2567
611000
2563
610000
2559
609000
2554
608000
2550
607000
2546
606000
2542
605000
2538
601000
2521
600000
2517
599000
2512
598000
2508
597000
2504
596100
2500
596000
2500
595000
2496
594000
2491
593000
2487
592000
2483
591000
2479
590000
2475
589000
2470
584550
2452
584000
2449
583000
2445
582000
2441
581000
2437
580000
2433
579000
2429
578000
2424
577000
2420
572850
2403
572000
2399
571000
2395
570000
2391
569000
2387
568000
2382
567000
2378
566000
2374
565000
2370
561250
2354
561000
2353
560000
2349
559000
2345
558000
2340
557000
2336
556000
2332
555000
2328
554000
2324
550000
2307
549700
2306
549000
2303
548000
2298
547000
2294
546000
2290
545000
2286
544000
2282
543000
2278
542000
2273
540000
2265
538100
2257
538000
2257
537000
2252
536000
2248
535000
2244
534000
2240
533000
2236
532000
2231
531000
2227
530000
2223
527150
2211
527000
2210
526000
2206
525000
2202
524000
2198
523000
2194
522000
2189
521000
2185
520000
2181
516250
2165
516000
2164
515000
2160
514000
2156
513000
2152
512000
2147
511000
2143
510000
2139
509000
2135
505000
2118
504200
2115
504000
2114
503000
2110
502000
2106
501000
2101
500000
2097
499000
2093
498000
2089
497000
2085
493050
2068
493000
2068
492000
2064
491000
2059
490000
2055
489000
2051
488000
2047
487000
2043
486000
2038
482050
2022
482000
2022
481000
2017
480000
2013
479000
2009
478000
2005
477000
2001
476000
1996
475000
1992
