556000
2460
555000
2455
554000
2451
553000
2446
552000
2442
551000
2437
550000
2433
549000
2429
548000
2424
547000
2420
546000
2415
545000
2411
544000
2406
543000
2402
542000
2398
541000
2393
540000
2389
539000
2384
538000
2380
537000
2376
536000
2371
535000
2367
534000
2362
533000
2358
532000
2353
531000
2349
530000
2345
529000
2340
528000
2336
527000
2331
526000
2327
525000
2322
524000
2318
523000
2314
522000
2309
521000
2305
520000
2300
519000
2296
518000
2291
517000
2287
516000
2283
515000
2278
514000
2274
513000
2269
512000
2265
511000
2261
510000
2256
509000
2252
508000
2247
507000
2243
506000
2238
505000
2234
504000
2230
503000
2225
502000
2221
501000
2216
500000
2212
499000
2207
498000
2203
497000
2199
496000
2194
495000
2190
494000
2185
493000
2181
492000
2176
491000
2172
490000
2168
489000
2163
488000
2159
487000
2154
486000
2150
485000
2145
484000
2141
483000
2137
482000
2132
481000
2128
480000
2123
479000
2119
478000
2115
477000
2110
476000
2106
475000
2101
474000
2097
473000
2092
472000
2088
471000
2084
470000
2079
469000
2075
468000
2070
467000
2066
466000
2061
465000
2057
464000
2053
463000
2048
462000
2044
461000
2039
460000
2035
459000
2030
458000
2026
457000
2022
