156000
690
155000
686
154000
681
153000
677
152000
672
151000
668
150000
664
149000
659
148000
655
147000
650
146000
646
145000
641
144000
637
143000
633
142000
628
141000
624
140000
619
139000
615
138000
610
137000
606
136000
602
135000
597
134000
593
133000
588
132000
584
131000
580
130000
575
129000
571
128000
566
127000
562
126000
557
125000
553
124000
549
123000
544
122000
540
121000
535
120000
531
119000
526
118000
522
117000
518
116000
513
115000
509
114000
504
113000
500
112000
495
111000
491
110000
487
109000
482
108000
478
107000
473
106000
469
105000
464
104000
460
103000
456
102000
451
101000
447
100000
442
99000
438
98000
434
97000
429
96000
425
95000
420
94000
416
93000
411
92000
407
91000
403
90000
398
89000
394
88000
389
87000
385
86000
380
85000
376
84000
372
83000
367
82000
363
81000
358
80000
354
79000
349
78000
345
77000
341
76000
336
75000
332
74000
327
73000
323
72000
319
71000
314
70000
310
69000
305
68000
301
67000
296
66000
292
65000
288
64000
283
63000
279
62000
274
61000
270
60000
265
59000
261
58000
257
57000
252
