556000
2460
555000
2455
554000
2451
553000
2446
552000
2442
551000
2437
550000
2433
549000
2429
548000
2424
547000
2420
546000
2415
545000
2411
544000
2406
543000
2402
542000
2398
541000
2393
540000
2389
539000
2384
538000
2380
537000
2376
536000
2371
535000
2367
534000
2362
533000
2358
532000
2353
531000
2349
530000
2345
529000
2340
528000
2336
527000
2331
526000
2327
525000
2322
524000
2318
523000
2314
522000
2309
521000
2305
520000
2300
519000
2296
518000
2291
517000
2287
516000
2283
515000
2278
514000
2274
513000
2269
512000
2265
511000
2261
510000
2256
509000
2252
508000
2247
507000
2243
506000
2238
505000
2234
504000
2230
503000
2225
502000
2221
501000
2216
500000
2212
499000
2207
498000
2203
497000
2199
496000
2194
495000
2190
494000
2185
493000
2181
492000
2176
491000
2172
490000
2168
489000
2163
488000
2159
487000
2154
486000
2150
485000
2145
484000
2141
483000
2137
482000
2132
481000
2128
480000
2123
479000
2119
478000
2115
477000
2110
476000
2106
475000
2101
474000
2097
473000
2092
472000
2088
471000
2084
470000
2079
469000
2075
468000
2070
467000
2066
466000
2061
465000
2057
464000
2053
463000
2048
462000
2044
461000
2039
460000
2035
459000
2030
458000
2026
457000
2022
456000
2017
455000
2013
454000
2008
453000
2004
452000
2000
451000
1995
450000
1991
449000
1986
448000
1982
447000
1977
446000
1973
445000
1969
444000
1964
443000
1960
442000
1955
441000
1951
440000
1946
439000
1942
438000
1938
437000
1933
436000
1929
435000
1924
434000
1920
433000
1915
432000
1911
431000
1907
430000
1902
429000
1898
428000
1893
427000
1889
426000
1884
425000
1880
424000
1876
423000
1871
422000
1867
421000
1862
420000
1858
419000
1854
418000
1849
417000
1845
416000
1840
415000
1836
414000
1831
413000
1827
412000
1823
411000
1818
410000
1814
409000
1809
408000
1805
407000
1800
406000
1796
405000
1792
404000
1787
403000
1783
402000
1778
401000
1774
400000
1769
399000
1765
398000
1761
397000
1756
396000
1752
395000
1747
394000
1743
393000
1739
392000
1734
391000
1730
390000
1725
389000
1721
388000
1716
387000
1712
386000
1708
385000
1703
384000
1699
383000
1694
382000
1690
381000
1685
380000
1681
379000
1677
378000
1672
377000
1668
376000
1663
375000
1659
374000
1654
373000
1650
372000
1646
371000
1641
370000
1637
369000
1632
368000
1628
367000
1623
366000
1619
365000
1615
364000
1610
363000
1606
362000
1601
361000
1597
360000
1593
359000
1588
358000
1584
357000
1579
356000
1575
355000
1570
354000
1566
353000
1562
352000
1557
351000
1553
350000
1548
349000
1544
348000
1539
347000
1535
346000
1531
345000
1526
344000
1522
343000
1517
342000
1513
341000
1508
340000
1504
339000
1500
338000
1495
337000
1491
336000
1486
335000
1482
334000
1478
333000
1473
332000
1469
331000
1464
330000
1460
329000
1455
328000
1451
327000
1447
326000
1442
325000
1438
324000
1433
323000
1429
322000
1424
321000
1420
320000
1416
319000
1411
318000
1407
317000
1402
316000
1398
315000
1393
314000
1389
313000
1385
312000
1380
311000
1376
310000
1371
309000
1367
308000
1362
307000
1358
306000
1354
305000
1349
304000
1345
303000
1340
302000
1336
301000
1332
300000
1327
299000
1323
298000
1318
297000
1314
296000
1309
295000
1305
294000
1301
293000
1296
292000
1292
291000
1287
290000
1283
289000
1278
288000
1274
287000
1270
286000
1265
285000
1261
284000
1256
283000
1252
282000
1247
281000
1243
280000
1239
279000
1234
278000
1230
277000
1225
276000
1221
275000
1217
274000
1212
273000
1208
272000
1203
271000
1199
270000
1194
269000
1190
268000
1186
267000
1181
266000
1177
265000
1172
264000
1168
263000
1163
262000
1159
261000
1155
260000
1150
259000
1146
258000
1141
257000
1137
256000
1132
255000
1128
254000
1124
253000
1119
252000
1115
251000
1110
250000
1106
249000
1101
248000
1097
247000
1093
246000
1088
245000
1084
244000
1079
243000
1075
242000
1071
241000
1066
240000
1062
239000
1057
238000
1053
237000
1048
236000
1044
235000
1040
234000
1035
233000
1031
232000
1026
231000
1022
230000
1017
229000
1013
228000
1009
227000
1004
226000
1000
225000
995
224000
991
223000
986
222000
982
221000
978
220000
973
219000
969
218000
964
217000
960
216000
956
215000
951
214000
947
213000
942
212000
938
211000
933
210000
929
209000
925
208000
920
207000
916
206000
911
205000
907
204000
902
203000
898
202000
894
201000
889
200000
885
199000
880
198000
876
197000
871
196000
867
195000
863
194000
858
193000
854
192000
849
191000
845
190000
840
189000
836
188000
832
187000
827
186000
823
185000
818
184000
814
183000
810
182000
805
181000
801
180000
796
179000
792
178000
787
177000
783
176000
779
175000
774
174000
770
173000
765
172000
761
171000
756
170000
752
169000
748
168000
743
167000
739
166000
734
165000
730
164000
725
163000
721
162000
717
161000
712
160000
708
159000
703
158000
699
157000
695
156000
690
155000
686
154000
681
153000
677
152000
672
151000
668
150000
664
149000
659
148000
655
147000
650
146000
646
145000
641
144000
637
143000
633
142000
628
141000
624
140000
619
139000
615
138000
610
137000
606
136000
602
135000
597
134000
593
133000
588
132000
584
131000
580
130000
575
129000
571
128000
566
127000
562
126000
557
125000
553
124000
549
123000
544
122000
540
121000
535
120000
531
119000
526
118000
522
117000
518
116000
513
115000
509
114000
504
113000
500
112000
495
111000
491
110000
487
109000
482
108000
478
107000
473
106000
469
105000
464
104000
460
103000
456
102000
451
101000
447
100000
442
99000
438
98000
434
97000
429
96000
425
95000
420
94000
416
93000
411
92000
407
91000
403
90000
398
89000
394
88000
389
87000
385
86000
380
85000
376
84000
372
83000
367
82000
363
81000
358
80000
354
79000
349
78000
345
77000
341
76000
336
75000
332
74000
327
73000
323
72000
319
71000
314
70000
310
69000
305
68000
301
67000
296
66000
292
65000
288
64000
283
63000
279
62000
274
61000
270
60000
265
59000
261
58000
257
57000
252
56000
248
55000
243
54000
239
53000
234
52000
230
51000
226
50000
221
49000
217
48000
212
47000
208
46000
203
45000
199
44000
195
43000
190
42000
186
41000
181
40000
177
39000
173
38000
168
37000
164
36000
159
35000
155
34000
150
33000
146
32000
142
31000
137
30000
133
29000
128
28000
124
27000
119
26000
115
25000
111
24000
106
23000
102
22000
97
21000
93
20000
88
19000
84
18000
80
17000
75
16000
71
15000
66
14000
62
13000
58
12000
53
11000
49
10000
44
9000
40
8000
35
7000
31
6000
27
5000
22
4000
18
3000
13
2000
9
1000
4
0
0
