356000
1575
355000
1570
354000
1566
353000
1562
352000
1557
351000
1553
350000
1548
349000
1544
348000
1539
347000
1535
346000
1531
345000
1526
344000
1522
343000
1517
342000
1513
341000
1508
340000
1504
339000
1500
338000
1495
337000
1491
336000
1486
335000
1482
334000
1478
333000
1473
332000
1469
331000
1464
330000
1460
329000
1455
328000
1451
327000
1447
326000
1442
325000
1438
324000
1433
323000
1429
322000
1424
321000
1420
320000
1416
319000
1411
318000
1407
317000
1402
316000
1398
315000
1393
314000
1389
313000
1385
312000
1380
311000
1376
310000
1371
309000
1367
308000
1362
307000
1358
306000
1354
305000
1349
304000
1345
303000
1340
302000
1336
301000
1332
300000
1327
299000
1323
298000
1318
297000
1314
296000
1309
295000
1305
294000
1301
293000
1296
292000
1292
291000
1287
290000
1283
289000
1278
288000
1274
287000
1270
286000
1265
285000
1261
284000
1256
283000
1252
282000
1247
281000
1243
280000
1239
279000
1234
278000
1230
277000
1225
276000
1221
275000
1217
274000
1212
273000
1208
272000
1203
271000
1199
270000
1194
269000
1190
268000
1186
267000
1181
266000
1177
265000
1172
264000
1168
263000
1163
262000
1159
261000
1155
260000
1150
259000
1146
258000
1141
257000
1137
