56000
248
55000
243
54000
239
53000
234
52000
230
51000
226
50000
221
49000
217
48000
212
47000
208
46000
203
45000
199
44000
195
43000
190
42000
186
41000
181
40000
177
39000
173
38000
168
37000
164
36000
159
35000
155
34000
150
33000
146
32000
142
31000
137
30000
133
29000
128
28000
124
27000
119
26000
115
25000
111
24000
106
23000
102
22000
97
21000
93
20000
88
19000
84
18000
80
17000
75
16000
71
15000
66
14000
62
13000
58
12000
53
11000
49
10000
44
9000
40
8000
35
7000
31
6000
27
5000
22
4000
18
3000
13
2000
9
1000
4
0
0
