456000
2017
455000
2013
454000
2008
453000
2004
452000
2000
451000
1995
450000
1991
449000
1986
448000
1982
447000
1977
446000
1973
445000
1969
444000
1964
443000
1960
442000
1955
441000
1951
440000
1946
439000
1942
438000
1938
437000
1933
436000
1929
435000
1924
434000
1920
433000
1915
432000
1911
431000
1907
430000
1902
429000
1898
428000
1893
427000
1889
426000
1884
425000
1880
424000
1876
423000
1871
422000
1867
421000
1862
420000
1858
419000
1854
418000
1849
417000
1845
416000
1840
415000
1836
414000
1831
413000
1827
412000
1823
411000
1818
410000
1814
409000
1809
408000
1805
407000
1800
406000
1796
405000
1792
404000
1787
403000
1783
402000
1778
401000
1774
400000
1769
399000
1765
398000
1761
397000
1756
396000
1752
395000
1747
394000
1743
393000
1739
392000
1734
391000
1730
390000
1725
389000
1721
388000
1716
387000
1712
386000
1708
385000
1703
384000
1699
383000
1694
382000
1690
381000
1685
380000
1681
379000
1677
378000
1672
377000
1668
376000
1663
375000
1659
374000
1654
373000
1650
372000
1646
371000
1641
370000
1637
369000
1632
368000
1628
367000
1623
366000
1619
365000
1615
364000
1610
363000
1606
362000
1601
361000
1597
360000
1593
359000
1588
358000
1584
357000
1579
