256000
1132
255000
1128
254000
1124
253000
1119
252000
1115
251000
1110
250000
1106
249000
1101
248000
1097
247000
1093
246000
1088
245000
1084
244000
1079
243000
1075
242000
1071
241000
1066
240000
1062
239000
1057
238000
1053
237000
1048
236000
1044
235000
1040
234000
1035
233000
1031
232000
1026
231000
1022
230000
1017
229000
1013
228000
1009
227000
1004
226000
1000
225000
995
224000
991
223000
986
222000
982
221000
978
220000
973
219000
969
218000
964
217000
960
216000
956
215000
951
214000
947
213000
942
212000
938
211000
933
210000
929
209000
925
208000
920
207000
916
206000
911
205000
907
204000
902
203000
898
202000
894
201000
889
200000
885
199000
880
198000
876
197000
871
196000
867
195000
863
194000
858
193000
854
192000
849
191000
845
190000
840
189000
836
188000
832
187000
827
186000
823
185000
818
184000
814
183000
810
182000
805
181000
801
180000
796
179000
792
178000
787
177000
783
176000
779
175000
774
174000
770
173000
765
172000
761
171000
756
170000
752
169000
748
168000
743
167000
739
166000
734
165000
730
164000
725
163000
721
162000
717
161000
712
160000
708
159000
703
158000
699
157000
695
