346000
1451
345000
1447
344000
1443
343000
1439
342000
1434
341000
1430
340000
1426
339000
1422
338000
1418
337000
1413
336000
1409
335000
1405
334000
1401
333000
1397
332000
1393
331000
1388
330000
1384
329000
1380
328000
1376
327000
1372
326000
1367
325000
1363
324000
1359
323000
1355
322000
1351
321000
1346
320000
1342
319000
1338
318000
1334
317000
1330
316000
1325
315000
1321
314000
1317
313000
1313
312000
1309
311000
1304
310000
1300
309000
1296
308000
1292
307000
1288
306000
1283
305000
1279
304700
1278
304000
1275
303000
1271
302000
1267
301000
1262
300000
1258
299000
1254
298000
1250
297000
1246
296000
1242
295000
1237
294000
1233
293000
1229
292000
1225
291000
1221
290000
1216
289000
1212
288000
1208
287000
1204
286000
1200
285000
1195
284000
1191
283000
1187
282000
1183
281000
1179
280000
1174
279000
1170
278000
1166
277000
1162
276000
1158
275000
1153
274000
1149
273000
1145
272000
1141
271000
1137
270000
1132
269000
1128
268000
1124
267000
1120
266000
1116
265000
1111
264000
1107
263000
1103
262000
1099
261000
1095
260000
1091
259000
1086
258000
1082
257000
1078
256000
1074
255000
1070
254000
1065
253000
1061
252000
1057
251000
1053
250000
1049
249000
1044
248000
1040
