247000
1036
246000
1032
245000
1028
244000
1023
243000
1019
242000
1015
241000
1011
240000
1007
239000
1002
238000
998
237000
994
89500
375
89000
373
88000
369
87000
365
86000
361
85000
357
84000
352
83000
348
82000
344
81000
340
80000
336
79000
331
78000
327
77000
323
76000
319
75000
315
74000
310
73000
306
72000
302
71000
298
70000
294
69000
289
68000
285
67000
281
66000
277
65000
273
64000
268
63000
264
61000
256
60000
252
59000
247
58000
243
57000
239
56000
235
55000
231
54000
226
53000
222
52000
218
51000
214
50000
210
49000
206
48000
201
47000
197
46000
193
45000
189
44000
185
43000
180
42000
176
41000
172
40000
168
39000
164
38000
159
37000
155
36000
151
35000
147
34000
143
33600
141
33000
138
32000
134
31000
130
30000
126
29000
122
28000
117
27000
113
26000
109
25000
105
24000
101
23000
96
22000
92
21000
88
20000
84
19000
80
18000
75
17000
71
16000
67
15000
63
14000
59
13000
55
12000
50
11000
46
10000
42
9000
38
8000
34
7000
29
6000
25
5000
21
4000
17
3000
13
2000
8
1000
4
0
0
