443000
1858
442000
1854
441000
1850
440000
1845
439000
1841
438000
1837
437000
1833
436000
1829
435000
1825
434000
1820
433000
1816
432000
1812
431000
1808
430000
1804
429000
1799
428000
1795
427000
1791
426000
1787
425000
1783
424000
1778
423000
1774
422000
1770
421000
1766
420000
1762
419000
1757
418000
1753
417000
1749
416000
1745
415100
1741
415000
1741
414000
1736
413000
1732
412000
1728
411000
1724
410000
1720
409000
1715
408000
1711
407000
1707
406000
1703
405000
1699
404000
1694
403000
1690
402000
1686
401000
1682
400000
1678
399000
1674
398000
1669
397000
1665
396000
1661
395000
1657
394000
1653
393000
1648
392000
1644
391000
1640
390000
1636
389000
1632
388000
1627
387000
1623
386000
1619
385000
1615
384000
1611
383450
1608
383000
1606
382000
1602
381000
1598
380000
1594
379000
1590
378000
1585
377000
1581
376000
1577
375000
1573
374000
1569
373000
1564
372000
1560
371000
1556
370000
1552
369000
1548
368000
1544
367000
1539
366000
1535
365000
1531
364000
1527
363000
1523
362000
1518
361000
1514
360000
1510
359000
1506
358000
1502
357000
1497
356000
1493
355000
1489
354000
1485
353000
1481
352000
1476
351900
1476
351000
1472
350000
1468
349000
1464
348000
1460
347000
1455
346000
1451
345000
1447
344000
1443
343000
1439
342000
1434
341000
1430
340000
1426
339000
1422
338000
1418
337000
1413
336000
1409
335000
1405
334000
1401
333000
1397
332000
1393
331000
1388
330000
1384
329000
1380
328000
1376
327000
1372
326000
1367
325000
1363
324000
1359
323000
1355
322000
1351
321000
1346
320000
1342
319000
1338
318000
1334
317000
1330
316000
1325
315000
1321
314000
1317
313000
1313
312000
1309
311000
1304
310000
1300
309000
1296
308000
1292
307000
1288
306000
1283
305000
1279
304700
1278
304000
1275
303000
1271
302000
1267
301000
1262
300000
1258
299000
1254
298000
1250
297000
1246
296000
1242
295000
1237
294000
1233
293000
1229
292000
1225
291000
1221
290000
1216
289000
1212
288000
1208
287000
1204
286000
1200
285000
1195
284000
1191
283000
1187
282000
1183
281000
1179
280000
1174
279000
1170
278000
1166
277000
1162
276000
1158
275000
1153
274000
1149
273000
1145
272000
1141
271000
1137
270000
1132
269000
1128
268000
1124
267000
1120
266000
1116
265000
1111
264000
1107
263000
1103
262000
1099
261000
1095
260000
1091
259000
1086
258000
1082
257000
1078
256000
1074
255000
1070
254000
1065
253000
1061
252000
1057
251000
1053
250000
1049
249000
1044
248000
1040
247000
1036
246000
1032
245000
1028
244000
1023
243000
1019
242000
1015
241000
1011
240000
1007
239000
1002
238000
998
237000
994
89500
375
89000
373
88000
369
87000
365
86000
361
85000
357
84000
352
83000
348
82000
344
81000
340
80000
336
79000
331
78000
327
77000
323
76000
319
75000
315
74000
310
73000
306
72000
302
71000
298
70000
294
69000
289
68000
285
67000
281
66000
277
65000
273
64000
268
63000
264
61000
256
60000
252
59000
247
58000
243
57000
239
56000
235
55000
231
54000
226
53000
222
52000
218
51000
214
50000
210
49000
206
48000
201
47000
197
46000
193
45000
189
44000
185
43000
180
42000
176
41000
172
40000
168
39000
164
38000
159
37000
155
36000
151
35000
147
34000
143
33600
141
33000
138
32000
134
31000
130
30000
126
29000
122
28000
117
27000
113
26000
109
25000
105
24000
101
23000
96
22000
92
21000
88
20000
84
19000
80
18000
75
17000
71
16000
67
15000
63
14000
59
13000
55
12000
50
11000
46
10000
42
9000
38
8000
34
7000
29
6000
25
5000
21
4000
17
3000
13
2000
8
1000
4
0
0
