443000
1858
442000
1854
441000
1850
440000
1845
439000
1841
438000
1837
437000
1833
436000
1829
435000
1825
434000
1820
433000
1816
432000
1812
431000
1808
430000
1804
429000
1799
428000
1795
427000
1791
426000
1787
425000
1783
424000
1778
423000
1774
422000
1770
421000
1766
420000
1762
419000
1757
418000
1753
417000
1749
416000
1745
415100
1741
415000
1741
414000
1736
413000
1732
412000
1728
411000
1724
410000
1720
409000
1715
408000
1711
407000
1707
406000
1703
405000
1699
404000
1694
403000
1690
402000
1686
401000
1682
400000
1678
399000
1674
398000
1669
397000
1665
396000
1661
395000
1657
394000
1653
393000
1648
392000
1644
391000
1640
390000
1636
389000
1632
388000
1627
387000
1623
386000
1619
385000
1615
384000
1611
383450
1608
383000
1606
382000
1602
381000
1598
380000
1594
379000
1590
378000
1585
377000
1581
376000
1577
375000
1573
374000
1569
373000
1564
372000
1560
371000
1556
370000
1552
369000
1548
368000
1544
367000
1539
366000
1535
365000
1531
364000
1527
363000
1523
362000
1518
361000
1514
360000
1510
359000
1506
358000
1502
357000
1497
356000
1493
355000
1489
354000
1485
353000
1481
352000
1476
351900
1476
351000
1472
350000
1468
349000
1464
348000
1460
347000
1455
